1.00000e-02 3.16010e-02 -2.32092e+00
6.00000e-02 3.18031e-02 -2.34639e+00
3.10000e-01 3.28238e-02 -2.46052e+00
1.27395e+00 3.44544e-02 -2.73914e+00
2.44795e+00 2.83329e-02 -2.86945e+00
3.62195e+00 1.78310e-02 -2.79579e+00
4.99076e+00 1.43866e-02 -2.41473e+00
6.19647e+00 2.49089e-02 -2.45409e+00
7.40218e+00 4.45523e-02 -2.64370e+00
8.52934e+00 6.31824e-02 -2.81231e+00
9.65650e+00 7.35647e-02 -3.01244e+00
1.07324e+01 7.37547e-02 2.99632e+00
1.18083e+01 7.07871e-02 2.58098e+00
1.28841e+01 7.74753e-02 2.08574e+00
1.41131e+01 9.89073e-02 1.69043e+00
1.53421e+01 1.20100e-01 1.49904e+00
1.65839e+01 1.34390e-01 1.41974e+00
1.78257e+01 1.43814e-01 1.41372e+00
1.91459e+01 1.55642e-01 1.44813e+00
2.03326e+01 1.74895e-01 1.46730e+00
2.15383e+01 2.02897e-01 1.45319e+00
2.24571e+01 2.22628e-01 1.42906e+00
2.33760e+01 2.32471e-01 1.39886e+00
2.43324e+01 2.28462e-01 1.35321e+00
2.53500e+01 2.11747e-01 1.26832e+00
2.64608e+01 1.89550e-01 1.10705e+00
2.76150e+01 1.75378e-01 8.70611e-01
2.87692e+01 1.75756e-01 6.38081e-01
2.97526e+01 1.81915e-01 4.97481e-01
3.07360e+01 1.86437e-01 4.09281e-01
3.18964e+01 1.87598e-01 3.42128e-01
3.30567e+01 1.87188e-01 2.84180e-01
3.43291e+01 1.86952e-01 2.00689e-01
3.56014e+01 1.86088e-01 9.81767e-02
3.66484e+01 1.81896e-01 4.40323e-02
3.76954e+01 1.68951e-01 6.56692e-02
3.87425e+01 1.46091e-01 1.98818e-01
3.99152e+01 1.21069e-01 5.27831e-01
4.10879e+01 1.19035e-01 9.68474e-01
4.24675e+01 1.44347e-01 1.23815e+00
4.34700e+01 1.64188e-01 1.21414e+00
4.45104e+01 1.82456e-01 1.06124e+00
4.55508e+01 2.04232e-01 8.50290e-01
4.65912e+01 2.32497e-01 6.64630e-01
4.74799e+01 2.55855e-01 5.66998e-01
4.83686e+01 2.70491e-01 5.26831e-01
4.93138e+01 2.71848e-01 5.33084e-01
5.03073e+01 2.57426e-01 5.81988e-01
5.13975e+01 2.28041e-01 6.82448e-01
5.25521e+01 1.93637e-01 8.43291e-01
5.37654e+01 1.69363e-01 1.03752e+00
5.49787e+01 1.62098e-01 1.17228e+00
5.62520e+01 1.67164e-01 1.21539e+00
5.73270e+01 1.76417e-01 1.21165e+00
5.84021e+01 1.85635e-01 1.20650e+00
5.96679e+01 1.90919e-01 1.21819e+00
6.09338e+01 1.85848e-01 1.24414e+00
6.21997e+01 1.72399e-01 1.24899e+00
6.34655e+01 1.59496e-01 1.17843e+00
6.47314e+01 1.55226e-01 1.01449e+00
6.57071e+01 1.57268e-01 8.49592e-01
6.66828e+01 1.61457e-01 6.66010e-01
6.78468e+01 1.69788e-01 4.48053e-01
6.90107e+01 1.79556e-01 2.85844e-01
7.01746e+01 1.83309e-01 2.04098e-01
7.14364e+01 1.77411e-01 1.99055e-01
7.24902e+01 1.66375e-01 2.65341e-01
7.35441e+01 1.52862e-01 3.95102e-01
7.47735e+01 1.38557e-01 5.72254e-01
7.60335e+01 1.24277e-01 6.52825e-01
7.72936e+01 1.08597e-01 5.06705e-01
7.85537e+01 1.05691e-01 1.33499e-01
7.98138e+01 1.22444e-01 -1.97931e-01
8.08241e+01 1.34576e-01 -3.29485e-01
8.18345e+01 1.33447e-01 -3.77549e-01
8.29241e+01 1.15212e-01 -3.72391e-01
8.40137e+01 8.47658e-02 -3.20670e-01
8.51521e+01 5.04792e-02 -2.25346e-01
8.65258e+01 2.20468e-02 -2.61330e-01
8.77178e+01 2.21061e-02 -8.34296e-01
8.89099e+01 4.34116e-02 -9.85402e-01
9.01636e+01 6.86322e-02 -9.61400e-01
9.14174e+01 8.19994e-02 -9.64282e-01
9.26711e+01 7.96303e-02 -1.03817e+00
9.39249e+01 6.92408e-02 -1.20865e+00
9.52683e+01 6.27689e-02 -1.41447e+00
9.66117e+01 6.55465e-02 -1.38494e+00
9.79552e+01 7.88465e-02 -1.09922e+00
9.92986e+01 1.03835e-01 -8.26716e-01
1.00000e+02 1.17575e-01 -7.42116e-01
